0.73
0.87
14
0.78
0.28
0.88
0.85
8.7
0.84
0.16
0.84
0.64
0.95
0.78
0.83
13
9
2.6
7.4
0.54
0.73
0.57
0.72
0.74
0.97
0.59
0.8
0.79
0.93
0.84
0.84
0.75
0.71
5.8
0.83
0.79
0.79
0.71
0.91
0.14
1.6
1.1
1.2
0.94
3.4
1
6.4
1.2
150
420
1100
15
2.6
11
1.8
1.1
17
100
2.8
0.41
0.56
14
0.96
5.1
1.1
0.31
1
1
0.95
1.8
0.72
1
0.99
0.97
0.97
0.95
0.7
0.95
1.1
0.99
1
20
1.3
1.5
0.92
88
0.95
0.95
1.2
0.95
1
4.4
0.97
1.1
3.9
0.96
1.1
0.95
1.5
2
0.89
18
8
0.95
2
2
35
0.33
0.16
0.95
0.67
1
3.1
23
3
14
30
9.4
88
11
0.47
1.8
0.97
25
0.57
1.1
0.72
1.2
0.9
0.57
0.97
0.95
0.84
1
1.1
1.5
0.52
1.7
0.55
0.84
200
3.6
0.9
0.65
0.84
1
0.74
1.9
1
0.91
1
15
45
1.4
1.5
1.6
0.97
0.83
0.97
0.74
1.1
1.4
100
1.4
1
1.3
1
1.2
0.97
0.62
0.71
0.63
5.6
1
1.2
1.4
0.72
1
0.95
0.16
1
1.1
0.99
4.1
1.5
1.5
1.1
0.93
0.96
1.2
0.91
0.9
0.95
0.89
0.95
0.87
1.1
0.99
0.97
1
0.9
1
1.1
1
0.89
1.5
1.4
0.44
0.62
1
1
1
1.4
1.2
0.91
0.95
1.6
1
1
0.97
0.45
1.4
1
0.34
1
1.4
0.4
0.74
1
1.2
1.3
0.95
0.4
0.67
0.91
0.96
1.1
1.2
0.92
1
0.39
0.34
1
0.63
1.2
0.36
0.53
0.98
0.97
1.1
0.96
0.74
0.98
1.4
490
11
0.6
0.6
0.46
19
1.1
0.2
0.41
1.5
490
1.1
1.1
0.58
0.77
1
5.3
7
0.76
0.28
14
20
0.97
1.2
0.89
5.7
2.5
1.1
0.26
1.8
2.8
6.5
0.9
1.7
3.1
1
0.48
0.7
0.9
2.8
220
0.039
1.7
1.1
220
11
1
6.5
3.3
3.3
570
2.6
1.8
110
3.9
6.4
0.95
1
14
6.5
1.1
0.91
22
1.5
0.45
0.96
0.89
2.1
0.91
0.48
2.1
0.24
50
0.39
0.33
0.86
1
0.92
1.4
1.4
1.8
1.2
1.5
0.38
0.97
0.15
4.2
0.95
0.76
1.7
1.2
1.4
0.86
1
3.9
0.48
25
19
1.5
0.99
0.63
0.93
1.1
1.8
570
1.2
0.49
2.9
61
88
0.86
0.62
18
0.42
0.57
5.7
0.25
0.77
2.5
3.3
0.73
0.87
14
0.78
0.28
0.88
0.85
8.7
0.84
0.16
0.84
0.64
0.95
0.78
0.83
13
9
2.6
7.4
0.54
0.73
0.57
0.72
0.74
0.97
0.59
0.8
0.79
0.93
0.84
0.84
0.75
0.71
5.8
0.83
0.79
0.79
0.71
0.91
0.14
1.6
1.1
1.2
0.94
3.4
1
6.4
1.2
150
420
1100
15
2.6
11
1.8
1.1
17
100
2.8
0.41
0.56
14
0.96
5.1
1.1
0.31
1
1
0.95
1.8
0.72
1
0.99
0.97
0.97
0.95
0.7
0.95
1.1
0.99
1
20
1.3
1.5
0.92
88
0.95
0.95
1.2
0.95
1
4.4
0.97
1.1
3.9
0.96
1.1
0.95
1.5
2
0.89
18
8
0.95
2
2
35
0.33
0.16
0.95
0.67
1
3.1
23
3
14
30
9.4
88
11
0.47
1.8
0.97
25
0.57
1.1
0.72
1.2
0.9
0.57
0.97
0.95
0.84
1
1.1
1.5
0.52
1.7
0.55
0.84
200
3.6
0.9
0.65
0.84
1
0.74
1.9
1
0.91
1
15
45
1.4
1.5
1.6
0.97
0.83
0.97
0.74
1.1
1.4
100
1.4
1
1.3
1
1.2
0.97
0.62
0.71
0.63
5.6
1
1.2
1.4
0.72
1
0.95
0.16
1
1.1
0.99
4.1
1.5
1.5
1.1
0.93
0.96
1.2
0.91
0.9
0.95
0.89
0.95
0.87
1.1
0.99
0.97
1
0.9
1
1.1
1
0.89
1.5
1.4
0.44
0.62
1
1
1
1.4
1.2
0.91
0.95
1.6
1
1
0.97
0.45
1.4
1
0.34
1
1.4
0.4
0.74
1
1.2
1.3
0.95
0.4
0.67
0.91
0.96
1.1
1.2
0.92
1
0.39
0.34
1
0.63
1.2
0.36
0.53
0.98
0.97
1.1
0.96
0.74
0.98
1.4
490
11
0.6
0.6
0.46
19
1.1
0.2
0.41
1.5
490
1.1
1.1
0.58
0.77
1
5.3
7
0.76
0.28
14
20
0.97
1.2
0.89
5.7
2.5
1.1
0.26
1.8
2.8
6.5
0.9
1.7
3.1
1
0.48
0.7
0.9
2.8
220
0.039
1.7
1.1
220
11
1
6.5
3.3
3.3
570
2.6
1.8
110
3.9
6.4
0.95
1
14
6.5
1.1
0.91
22
1.5
0.45
0.96
0.89
2.1
0.91
0.48
2.1
0.24
50
0.39
0.33
0.86
1
0.92
1.4
1.4
1.8
1.2
1.5
0.38
0.97
0.15
4.2
0.95
0.76
1.7
1.2
1.4
0.86
1
3.9
0.48
25
19
1.5
0.99
0.63
0.93
1.1
1.8
570
1.2
0.49
2.9
61
88
0.86
0.62
18
0.42
0.57
5.7
0.25
0.77
2.5
3.3
