0.1262
0.8318
0.8131
0.8411
0.8505
0.8925
0.9065
0.9112
0.9065
0.8738
0.9065
0.9065
0.8925
0.0
0.9112
0.9019
0.01402
0.004673
0.8925
0.9065
0.01869
0.8738
0.9019
0.9065
0.6729
0.8224
0.9019
0.9112
0.9019
0.8879
0.9112
0.9019
0.8972
0.5794
0.9112
0.9112
0.9112
0.8645
0.9112
0.1075
0.01402
0.9439
0.4766
0.9673
0.8318
0.9766
0.04206
0.2897
0.9813
0.009346
0.9766
0.8692
0.0
0.004673
0.9766
0.009346
0.0
0.004673
0.0
0.004673
0.09813
0.986
0.6168
0.8084
0.7664
0.986
0.986
0.986
0.1729
0.9346
0.986
0.9813
0.986
0.986
0.9813
0.5234
0.986
0.986
0.9626
0.9953
0.9813
0.8084
0.9346
0.8084
1.0
1.0
0.9907
0.986
0.9953
0.9953
0.9813
0.986
0.0
0.08879
0.986
0.9907
0.9953
0.972
0.02336
1.0
0.02804
0.0
0.9953
0.004673
0.3178
0.9953
0.01402
0.0
0.9953
0.2477
1.0
0.0
0.9019
0.009346
0.03271
0.04673
0.04206
0.1075
0.004673
0.03271
0.9673
0.0
0.3224
0.0
0.9673
0.9766
0.9766
0.3505
0.9907
0.972
0.9393
0.9907
0.2243
0.9766
0.9953
0.9065
0.9019
0.08879
0.9206
0.986
0.004673
0.7664
0.5935
0.9579
0.9299
0.972
0.8925
0.1495
0.9953
0.9626
1.0
0.9299
0.0
0.9673
0.4299
0.4439
1.0
0.8131
0.9907
0.9907
0.9299
0.02336
0.8598
0.1402
0.9907
0.9439
0.9346
1.0
0.9953
1.0
1.0
0.9346
0.986
0.9953
0.9533
1.0
0.8925
1.0
1.0
1.0
1.0
0.009346
1.0
0.9393
0.2991
0.0
0.9579
0.9486
1.0
0.9486
0.5981
0.9907
1.0
0.8972
1.0
0.9346
0.9626
0.9579
0.9579
0.9579
0.9813
0.9579
0.972
0.9953
1.0
0.9579
0.6776
0.5234
0.6822
0.9953
0.986
0.9953
0.8879
0.9953
0.972
1.0
0.08411
0.972
0.9907
0.9813
0.2991
0.9953
1.0
0.9439
1.0
0.9953
0.8972
0.9953
0.9439
0.9626
0.9299
1.0
0.9439
0.0
0.6355
0.9953
0.9953
0.9907
0.9766
0.9953
0.8364
0.8598
0.9953
0.8738
0.9953
0.0
0.03271
0.9626
0.986
0.9766
0.6682
0.9112
0.9953
0.9065
0.009346
0.9953
0.9252
0.6682
0.2383
0.9766
0.9766
0.9766
0.9953
0.9953
0.9953
0.9953
0.9953
0.0
0.9112
0.9953
0.0
0.0
0.01402
0.9813
0.8318
0.004673
0.6028
0.5794
0.9907
0.009346
0.1542
0.9813
0.6636
0.04206
0.03738
0.0
1.0
0.514
0.02804
0.9813
0.1215
0.9019
0.9907
0.9065
0.04206
0.9953
0.07009
0.004673
0.02336
0.004673
0.8879
0.04206
0.0
0.08879
0.9953
0.0
0.9019
1.0
0.004673
0.6729
1.0
0.9953
0.9299
0.9813
0.986
1.0
0.004673
0.0
0.7897
1.0
1.0
0.004673
1.0
0.9206
0.01869
0.514
0.5841
0.8224
0.9953
0.9439
0.9673
0.9907
0.1168
0.972
0.01869
0.9252
0.01869
0.9439
0.986
0.9766
0.009346
0.972
0.8505
0.0
0.9533
0.0
1.0
0.6963
0.0
0.9393
0.9766
0.9252
0.01869
0.9907
0.9907
0.9953
0.9953
0.08879
0.9953
0.05607
0.9907
0.0
0.1916
0.8785
0.9953
0.9019
0.9766
0.8364
0.9533
0.9626
0.528
0.972
0.009346
0.9533
0.1262
0.8318
0.8131
0.8411
0.8505
0.8925
0.9065
0.9112
0.9065
0.8738
0.9065
0.9065
0.8925
0.0
0.9112
0.9019
0.01402
0.004673
0.8925
0.9065
0.01869
0.8738
0.9019
0.9065
0.6729
0.8224
0.9019
0.9112
0.9019
0.8879
0.9112
0.9019
0.8972
0.5794
0.9112
0.9112
0.9112
0.8645
0.9112
0.1075
0.01402
0.9439
0.4766
0.9673
0.8318
0.9766
0.04206
0.2897
0.9813
0.009346
0.9766
0.8692
0.0
0.004673
0.9766
0.009346
0.0
0.004673
0.0
0.004673
0.09813
0.986
0.6168
0.8084
0.7664
0.986
0.986
0.986
0.1729
0.9346
0.986
0.9813
0.986
0.986
0.9813
0.5234
0.986
0.986
0.9626
0.9953
0.9813
0.8084
0.9346
0.8084
1.0
1.0
0.9907
0.986
0.9953
0.9953
0.9813
0.986
0.0
0.08879
0.986
0.9907
0.9953
0.972
0.02336
1.0
0.02804
0.0
0.9953
0.004673
0.3178
0.9953
0.01402
0.0
0.9953
0.2477
1.0
0.0
0.9019
0.009346
0.03271
0.04673
0.04206
0.1075
0.004673
0.03271
0.9673
0.0
0.3224
0.0
0.9673
0.9766
0.9766
0.3505
0.9907
0.972
0.9393
0.9907
0.2243
0.9766
0.9953
0.9065
0.9019
0.08879
0.9206
0.986
0.004673
0.7664
0.5935
0.9579
0.9299
0.972
0.8925
0.1495
0.9953
0.9626
1.0
0.9299
0.0
0.9673
0.4299
0.4439
1.0
0.8131
0.9907
0.9907
0.9299
0.02336
0.8598
0.1402
0.9907
0.9439
0.9346
1.0
0.9953
1.0
1.0
0.9346
0.986
0.9953
0.9533
1.0
0.8925
1.0
1.0
1.0
1.0
0.009346
1.0
0.9393
0.2991
0.0
0.9579
0.9486
1.0
0.9486
0.5981
0.9907
1.0
0.8972
1.0
0.9346
0.9626
0.9579
0.9579
0.9579
0.9813
0.9579
0.972
0.9953
1.0
0.9579
0.6776
0.5234
0.6822
0.9953
0.986
0.9953
0.8879
0.9953
0.972
1.0
0.08411
0.972
0.9907
0.9813
0.2991
0.9953
1.0
0.9439
1.0
0.9953
0.8972
0.9953
0.9439
0.9626
0.9299
1.0
0.9439
0.0
0.6355
0.9953
0.9953
0.9907
0.9766
0.9953
0.8364
0.8598
0.9953
0.8738
0.9953
0.0
0.03271
0.9626
0.986
0.9766
0.6682
0.9112
0.9953
0.9065
0.009346
0.9953
0.9252
0.6682
0.2383
0.9766
0.9766
0.9766
0.9953
0.9953
0.9953
0.9953
0.9953
0.0
0.9112
0.9953
0.0
0.0
0.01402
0.9813
0.8318
0.004673
0.6028
0.5794
0.9907
0.009346
0.1542
0.9813
0.6636
0.04206
0.03738
0.0
1.0
0.514
0.02804
0.9813
0.1215
0.9019
0.9907
0.9065
0.04206
0.9953
0.07009
0.004673
0.02336
0.004673
0.8879
0.04206
0.0
0.08879
0.9953
0.0
0.9019
1.0
0.004673
0.6729
1.0
0.9953
0.9299
0.9813
0.986
1.0
0.004673
0.0
0.7897
1.0
1.0
0.004673
1.0
0.9206
0.01869
0.514
0.5841
0.8224
0.9953
0.9439
0.9673
0.9907
0.1168
0.972
0.01869
0.9252
0.01869
0.9439
0.986
0.9766
0.009346
0.972
0.8505
0.0
0.9533
0.0
1.0
0.6963
0.0
0.9393
0.9766
0.9252
0.01869
0.9907
0.9907
0.9953
0.9953
0.08879
0.9953
0.05607
0.9907
0.0
0.1916
0.8785
0.9953
0.9019
0.9766
0.8364
0.9533
0.9626
0.528
0.972
0.009346
0.9533
