0.8313
0.9518
0.7831
0.9518
0.9398
0.9398
0.9518
0.08434
0.01205
0.9518
0.8434
0.6867
0.0
0.7952
0.9518
0.0241
0.1807
0.9157
0.9518
0.9398
0.8675
0.9518
0.9157
0.7952
0.9518
0.9398
0.8795
0.8554
0.8675
0.9398
0.8795
0.9277
0.747
0.06024
0.8072
0.01205
0.9639
0.8554
0.03614
0.01205
0.9639
0.03614
0.8072
0.9398
0.0
0.5181
0.4337
0.1687
0.03614
0.0
0.01205
0.0
0.0
0.0
0.0241
0.0
0.8193
0.9639
0.9398
0.8313
0.6265
0.9639
0.9639
0.9639
0.3253
0.9518
0.9518
0.9398
0.9639
0.9639
0.9639
0.5181
0.9639
0.0
0.8916
0.9639
0.9518
0.0
0.253
0.9639
0.9639
0.9639
0.988
0.988
0.988
0.988
0.988
0.8313
0.1566
0.0241
0.9518
0.6506
0.988
0.2048
0.0
0.988
0.0
0.0
0.988
0.988
0.01205
0.9518
0.0
0.0
1.0
0.3855
0.988
0.0
0.988
0.0
0.0
0.0
0.01205
0.0241
0.0241
0.01205
0.01205
0.01205
0.0
0.0
0.0
0.9277
0.9759
0.01205
0.988
0.08434
0.9759
1.0
1.0
1.0
1.0
0.988
0.9639
0.9759
0.8916
0.7952
0.6024
0.0
0.988
0.988
0.5663
1.0
0.6145
1.0
0.7831
1.0
0.8554
0.0
1.0
1.0
1.0
0.988
0.0
0.1325
0.4337
0.0
0.0
0.8554
0.8675
0.747
0.9036
0.0
0.0
0.9639
0.0
1.0
0.9759
0.0
0.988
1.0
0.988
0.253
1.0
1.0
0.8434
1.0
0.9639
0.8434
1.0
1.0
1.0
1.0
0.8313
0.08434
1.0
0.4819
1.0
1.0
1.0
0.988
1.0
0.988
1.0
0.9759
1.0
1.0
0.6506
1.0
0.988
1.0
1.0
0.7952
0.9639
0.988
0.988
0.988
0.0
0.2771
0.6386
0.988
0.9639
0.988
0.4699
0.9157
0.9759
1.0
0.0
0.9639
1.0
0.9639
0.3133
0.2048
1.0
0.9759
0.9157
0.0
0.04819
1.0
1.0
0.3373
0.9639
1.0
0.9518
0.0
0.988
1.0
0.988
1.0
0.04819
1.0
0.0
1.0
1.0
0.0
0.6988
0.0
0.0
1.0
1.0
0.7108
1.0
0.7831
0.9398
0.01205
0.0
1.0
0.4578
1.0
0.04819
1.0
1.0
1.0
1.0
0.9518
0.1446
0.2651
0.1566
0.0
0.01205
1.0
0.0
0.0
0.04819
0.5663
0.8795
0.0
1.0
0.9157
0.8072
0.0
0.2771
0.0
0.0
0.0
0.01205
0.0
1.0
0.1205
0.0
0.0
0.1205
0.2169
0.988
0.8434
0.0
0.06024
0.0
0.2651
0.0
0.0
0.8675
0.06024
0.5904
0.0
0.6988
0.08434
0.0
0.7952
0.1687
0.0
1.0
0.988
0.8554
0.0
0.07229
0.988
0.0
0.0
0.988
1.0
0.9759
0.9277
0.9639
0.7108
0.0
0.8795
0.9639
0.4578
1.0
0.8554
1.0
0.8434
0.1928
0.988
0.0
0.01205
0.0
0.9398
0.9398
0.8916
0.4578
0.988
0.9759
0.0
0.988
0.0
0.8675
0.9639
0.0
0.988
0.9518
0.9759
0.07229
0.9036
0.8193
0.6627
0.9036
0.0
0.7952
0.01205
0.9518
0.06024
0.0
0.0
0.9518
0.988
0.8916
0.7711
0.8675
0.6988
0.3614
0.8554
0.3855
0.8675
0.8313
0.9518
0.7831
0.9518
0.9398
0.9398
0.9518
0.08434
0.01205
0.9518
0.8434
0.6867
0.0
0.7952
0.9518
0.0241
0.1807
0.9157
0.9518
0.9398
0.8675
0.9518
0.9157
0.7952
0.9518
0.9398
0.8795
0.8554
0.8675
0.9398
0.8795
0.9277
0.747
0.06024
0.8072
0.01205
0.9639
0.8554
0.03614
0.01205
0.9639
0.03614
0.8072
0.9398
0.0
0.5181
0.4337
0.1687
0.03614
0.0
0.01205
0.0
0.0
0.0
0.0241
0.0
0.8193
0.9639
0.9398
0.8313
0.6265
0.9639
0.9639
0.9639
0.3253
0.9518
0.9518
0.9398
0.9639
0.9639
0.9639
0.5181
0.9639
0.0
0.8916
0.9639
0.9518
0.0
0.253
0.9639
0.9639
0.9639
0.988
0.988
0.988
0.988
0.988
0.8313
0.1566
0.0241
0.9518
0.6506
0.988
0.2048
0.0
0.988
0.0
0.0
0.988
0.988
0.01205
0.9518
0.0
0.0
1.0
0.3855
0.988
0.0
0.988
0.0
0.0
0.0
0.01205
0.0241
0.0241
0.01205
0.01205
0.01205
0.0
0.0
0.0
0.9277
0.9759
0.01205
0.988
0.08434
0.9759
1.0
1.0
1.0
1.0
0.988
0.9639
0.9759
0.8916
0.7952
0.6024
0.0
0.988
0.988
0.5663
1.0
0.6145
1.0
0.7831
1.0
0.8554
0.0
1.0
1.0
1.0
0.988
0.0
0.1325
0.4337
0.0
0.0
0.8554
0.8675
0.747
0.9036
0.0
0.0
0.9639
0.0
1.0
0.9759
0.0
0.988
1.0
0.988
0.253
1.0
1.0
0.8434
1.0
0.9639
0.8434
1.0
1.0
1.0
1.0
0.8313
0.08434
1.0
0.4819
1.0
1.0
1.0
0.988
1.0
0.988
1.0
0.9759
1.0
1.0
0.6506
1.0
0.988
1.0
1.0
0.7952
0.9639
0.988
0.988
0.988
0.0
0.2771
0.6386
0.988
0.9639
0.988
0.4699
0.9157
0.9759
1.0
0.0
0.9639
1.0
0.9639
0.3133
0.2048
1.0
0.9759
0.9157
0.0
0.04819
1.0
1.0
0.3373
0.9639
1.0
0.9518
0.0
0.988
1.0
0.988
1.0
0.04819
1.0
0.0
1.0
1.0
0.0
0.6988
0.0
0.0
1.0
1.0
0.7108
1.0
0.7831
0.9398
0.01205
0.0
1.0
0.4578
1.0
0.04819
1.0
1.0
1.0
1.0
0.9518
0.1446
0.2651
0.1566
0.0
0.01205
1.0
0.0
0.0
0.04819
0.5663
0.8795
0.0
1.0
0.9157
0.8072
0.0
0.2771
0.0
0.0
0.0
0.01205
0.0
1.0
0.1205
0.0
0.0
0.1205
0.2169
0.988
0.8434
0.0
0.06024
0.0
0.2651
0.0
0.0
0.8675
0.06024
0.5904
0.0
0.6988
0.08434
0.0
0.7952
0.1687
0.0
1.0
0.988
0.8554
0.0
0.07229
0.988
0.0
0.0
0.988
1.0
0.9759
0.9277
0.9639
0.7108
0.0
0.8795
0.9639
0.4578
1.0
0.8554
1.0
0.8434
0.1928
0.988
0.0
0.01205
0.0
0.9398
0.9398
0.8916
0.4578
0.988
0.9759
0.0
0.988
0.0
0.8675
0.9639
0.0
0.988
0.9518
0.9759
0.07229
0.9036
0.8193
0.6627
0.9036
0.0
0.7952
0.01205
0.9518
0.06024
0.0
0.0
0.9518
0.988
0.8916
0.7711
0.8675
0.6988
0.3614
0.8554
0.3855
0.8675
