0.0011111111111111111
0.00393939393939394
0.00101010101010101
0.09292929292929293
0.00098989898989899
0.00101010101010101
0.0006969696969696969
0.0009595959595959596
0.0006868686868686869
0.0009494949494949494
0.0011111111111111111
0.0009090909090909091
0.0009393939393939394
0.00393939393939394
0.0026262626262626263
0.0009292929292929294
0.000898989898989899
0.0012121212121212121
0.0011111111111111111
0.0008181818181818183
0.001
0.0024242424242424242
0.06868686868686869
0.0008787878787878787
0.0009393939393939394
0.00101010101010101
0.00101010101010101
0.00101010101010101
0.0008282828282828282
0.0006363636363636364
0.0009393939393939394
0.000898989898989899
0.0007474747474747475
0.0007474747474747475
0.0015151515151515152
0.0008888888888888889
0.0007373737373737373
0.0008787878787878787
0.00048484848484848484
0.03636363636363636
0.0012121212121212121
0.0031313131313131315
0.0011111111111111111
0.0009393939393939394
0.0002929292929292929
0.00404040404040404
0.0009191919191919192
0.0022222222222222222
0.0008484848484848485
0.0009393939393939394
0.0021212121212121214
0.00021212121212121213
0.00015151515151515152
0.0014141414141414141
0.003333333333333333
0.30303030303030304
0.004141414141414141
0.010101010101010102
0.01818181818181818
0.029292929292929294
0.004545454545454545
0.0012121212121212121
0.0012121212121212121
0.0009191919191919192
0.0013131313131313131
0.0006363636363636364
0.00038383838383838383
0.0009090909090909091
0.0009090909090909091
0.0009090909090909091
0.00023232323232323234
0.0011111111111111111
0.0008787878787878787
0.0009393939393939394
0.0009292929292929294
0.0009292929292929294
0.0009090909090909091
0.0002525252525252525
0.0009090909090909091
0.23232323232323232
0.0007474747474747475
0.0009090909090909091
0.0011111111111111111
0.05656565656565657
0.007070707070707071
0.0011111111111111111
0.0013131313131313131
0.0009191919191919192
0.0009797979797979799
0.0012121212121212121
0.0009797979797979799
0.0011111111111111111
0.0013131313131313131
0.0006262626262626262
0.0027272727272727275
0.1717171717171717
0.0008787878787878787
0.0002929292929292929
0.00098989898989899
0.0004646464646464647
0.00202020202020202
0.0009797979797979799
0.004343434343434344
0.003333333333333333
0.0009797979797979799
0.0022222222222222222
0.048484848484848485
0.00098989898989899
0.2727272727272727
0.004545454545454545
0.00101010101010101
0.00044444444444444447
0.0009797979797979799
0.2727272727272727
0.0016161616161616162
0.03535353535353535
0.008787878787878787
0.011111111111111112
0.0013131313131313131
0.5959595959595959
0.013131313131313131
0.12121212121212122
0.00202020202020202
0.0017171717171717172
0.43434343434343436
0.00101010101010101
0.09797979797979799
0.001
0.0018181818181818182
0.00101010101010101
0.00101010101010101
0.0011111111111111111
0.00098989898989899
0.0015151515151515152
0.0009595959595959596
0.0007878787878787879
0.0008787878787878787
0.0003131313131313131
0.0032323232323232323
0.0011111111111111111
0.0014141414141414141
0.0005656565656565657
0.0017171717171717172
0.0002929292929292929
0.00101010101010101
0.0005151515151515151
0.00101010101010101
0.0009191919191919192
0.0027272727272727275
0.00101010101010101
0.00101010101010101
0.00101010101010101
0.0012121212121212121
0.046464646464646465
0.0030303030303030303
0.00014141414141414144
1.0
0.08686868686868687
0.0007575757575757576
0.0006666666666666666
0.00044444444444444447
0.0007878787878787879
0.005858585858585858
0.015151515151515152
0.0014141414141414141
0.9696969696969697
0.0014141414141414141
0.0015151515151515152
0.1717171717171717
0.0011111111111111111
0.00101010101010101
0.0011111111111111111
0.0012121212121212121
0.0013131313131313131
0.00101010101010101
0.0006969696969696969
0.0015151515151515152
0.0011111111111111111
0.0006262626262626262
0.00101010101010101
0.0011111111111111111
0.00101010101010101
0.0018181818181818182
0.0006363636363636364
0.004343434343434344
0.00202020202020202
0.0002525252525252525
0.0012121212121212121
0.0011111111111111111
0.00101010101010101
0.0014141414141414141
0.0013131313131313131
0.00098989898989899
0.00101010101010101
0.0011111111111111111
0.00101010101010101
0.0014141414141414141
0.00030303030303030303
0.0011111111111111111
0.001
0.00101010101010101
0.00101010101010101
0.0005252525252525253
0.00101010101010101
0.0009797979797979799
0.0011111111111111111
0.0015151515151515152
0.007272727272727273
0.0006767676767676768
0.00032323232323232324
0.00101010101010101
0.0009191919191919192
0.00098989898989899
0.00016161616161616162
0.0008888888888888889
0.0009595959595959596
0.00101010101010101
0.0021212121212121214
0.0009292929292929294
0.00101010101010101
0.0009292929292929294
0.000494949494949495
0.002929292929292929
0.00101010101010101
0.0011111111111111111
0.000797979797979798
0.7676767676767676
0.007171717171717171
0.00101010101010101
0.00101010101010101
0.005555555555555556
0.0013131313131313131
0.00101010101010101
0.0012121212121212121
0.0034343434343434343
0.002323232323232323
0.00101010101010101
0.0011111111111111111
0.0012121212121212121
0.005050505050505051
0.00101010101010101
0.006363636363636364
0.0013131313131313131
0.00101010101010101
0.0077777777777777776
0.00040404040404040404
0.006262626262626263
0.004141414141414141
0.00101010101010101
0.00101010101010101
0.00042424242424242425
0.0015151515151515152
0.0005454545454545455
0.0008686868686868687
0.023232323232323233
0.00202020202020202
0.0011111111111111111
0.00595959595959596
0.0012121212121212121
0.0014141414141414141
0.0016161616161616162
0.0012121212121212121
0.0011111111111111111
0.0012121212121212121
0.0013131313131313131
0.005151515151515151
0.3333333333333333
0.6262626262626263
0.005050505050505051
0.41414141414141414
0.00101010101010101
0.6464646464646465
0.009595959595959595
0.0013131313131313131
0.0002525252525252525
0.0008383838383838383
0.21212121212121213
0.0016161616161616162
0.0009696969696969697
0.000595959595959596
0.013131313131313131
0.0011111111111111111
0.5252525252525253
0.43434343434343436
0.0026262626262626263
0.004545454545454545
0.004646464646464646
0.00101010101010101
0.35353535353535354
0.004343434343434344
0.26262626262626265
0.15151515151515152
0.004646464646464646
0.001
0.0008686868686868687
0.00038383838383838383
0.00017171717171717173
0.01
0.0025252525252525255
0.0009393939393939394
0.6262626262626263
0.0009191919191919192
0.0011111111111111111
0.0009696969696969697
0.0022222222222222222
0.00042424242424242425
0.0021212121212121214
0.12121212121212122
0.0006464646464646465
0.023232323232323233
0.09393939393939393
0.00101010101010101
0.00101010101010101
0.0007474747474747475
0.43434343434343436
0.5757575757575758
0.001
0.00393939393939394
0.013131313131313131
0.0013131313131313131
0.00101010101010101
0.0011111111111111111
0.00202020202020202
0.0009292929292929294
0.00045454545454545455
0.0009292929292929294
0.0014141414141414141
0.00202020202020202
0.0005252525252525253
0.00101010101010101
0.0007373737373737373
0.0011111111111111111
0.0006161616161616161
0.0012121212121212121
0.0015151515151515152
0.002323232323232323
0.9696969696969697
0.9696969696969697
0.00101010101010101
0.0008585858585858586
0.0011111111111111111
0.001
0.0015151515151515152
0.00101010101010101
0.0019191919191919192
0.0013131313131313131
0.0036363636363636364
0.0006767676767676768
0.0011111111111111111
0.00595959595959596
0.0011111111111111111
0.0012121212121212121
0.0011111111111111111
0.0024242424242424242
0.0012121212121212121
0.0006262626262626262
0.00035353535353535354
0.0009696969696969697
0.0021212121212121214
0.000595959595959596
0.00202020202020202
0.0009090909090909091
0.0030303030303030303
0.0030303030303030303
0.21212121212121213
0.0009292929292929294
0.0013131313131313131
0.0009595959595959596
0.0005555555555555556
0.0007474747474747475
0.000505050505050505
0.0005454545454545455
0.0008383838383838383
0.002929292929292929
0.0011111111111111111
0.00393939393939394
0.00101010101010101
0.09292929292929293
0.00098989898989899
0.00101010101010101
0.0006969696969696969
0.0009595959595959596
0.0006868686868686869
0.0009494949494949494
0.0011111111111111111
0.0009090909090909091
0.0009393939393939394
0.00393939393939394
0.0026262626262626263
0.0009292929292929294
0.000898989898989899
0.0012121212121212121
0.0011111111111111111
0.0008181818181818183
0.001
0.0024242424242424242
0.06868686868686869
0.0008787878787878787
0.0009393939393939394
0.00101010101010101
0.00101010101010101
0.00101010101010101
0.0008282828282828282
0.0006363636363636364
0.0009393939393939394
0.000898989898989899
0.0007474747474747475
0.0007474747474747475
0.0015151515151515152
0.0008888888888888889
0.0007373737373737373
0.0008787878787878787
0.00048484848484848484
0.03636363636363636
0.0012121212121212121
0.0031313131313131315
0.0011111111111111111
0.0009393939393939394
0.0002929292929292929
0.00404040404040404
0.0009191919191919192
0.0022222222222222222
0.0008484848484848485
0.0009393939393939394
0.0021212121212121214
0.00021212121212121213
0.00015151515151515152
0.0014141414141414141
0.003333333333333333
0.30303030303030304
0.004141414141414141
0.010101010101010102
0.01818181818181818
0.029292929292929294
0.004545454545454545
0.0012121212121212121
0.0012121212121212121
0.0009191919191919192
0.0013131313131313131
0.0006363636363636364
0.00038383838383838383
0.0009090909090909091
0.0009090909090909091
0.0009090909090909091
0.00023232323232323234
0.0011111111111111111
0.0008787878787878787
0.0009393939393939394
0.0009292929292929294
0.0009292929292929294
0.0009090909090909091
0.0002525252525252525
0.0009090909090909091
0.23232323232323232
0.0007474747474747475
0.0009090909090909091
0.0011111111111111111
0.05656565656565657
0.007070707070707071
0.0011111111111111111
0.0013131313131313131
0.0009191919191919192
0.0009797979797979799
0.0012121212121212121
0.0009797979797979799
0.0011111111111111111
0.0013131313131313131
0.0006262626262626262
0.0027272727272727275
0.1717171717171717
0.0008787878787878787
0.0002929292929292929
0.00098989898989899
0.0004646464646464647
0.00202020202020202
0.0009797979797979799
0.004343434343434344
0.003333333333333333
0.0009797979797979799
0.0022222222222222222
0.048484848484848485
0.00098989898989899
0.2727272727272727
0.004545454545454545
0.00101010101010101
0.00044444444444444447
0.0009797979797979799
0.2727272727272727
0.0016161616161616162
0.03535353535353535
0.008787878787878787
0.011111111111111112
0.0013131313131313131
0.5959595959595959
0.013131313131313131
0.12121212121212122
0.00202020202020202
0.0017171717171717172
0.43434343434343436
0.00101010101010101
0.09797979797979799
0.001
0.0018181818181818182
0.00101010101010101
0.00101010101010101
0.0011111111111111111
0.00098989898989899
0.0015151515151515152
0.0009595959595959596
0.0007878787878787879
0.0008787878787878787
0.0003131313131313131
0.0032323232323232323
0.0011111111111111111
0.0014141414141414141
0.0005656565656565657
0.0017171717171717172
0.0002929292929292929
0.00101010101010101
0.0005151515151515151
0.00101010101010101
0.0009191919191919192
0.0027272727272727275
0.00101010101010101
0.00101010101010101
0.00101010101010101
0.0012121212121212121
0.046464646464646465
0.0030303030303030303
0.00014141414141414144
1.0
0.08686868686868687
0.0007575757575757576
0.0006666666666666666
0.00044444444444444447
0.0007878787878787879
0.005858585858585858
0.015151515151515152
0.0014141414141414141
0.9696969696969697
0.0014141414141414141
0.0015151515151515152
0.1717171717171717
0.0011111111111111111
0.00101010101010101
0.0011111111111111111
0.0012121212121212121
0.0013131313131313131
0.00101010101010101
0.0006969696969696969
0.0015151515151515152
0.0011111111111111111
0.0006262626262626262
0.00101010101010101
0.0011111111111111111
0.00101010101010101
0.0018181818181818182
0.0006363636363636364
0.004343434343434344
0.00202020202020202
0.0002525252525252525
0.0012121212121212121
0.0011111111111111111
0.00101010101010101
0.0014141414141414141
0.0013131313131313131
0.00098989898989899
0.00101010101010101
0.0011111111111111111
0.00101010101010101
0.0014141414141414141
0.00030303030303030303
0.0011111111111111111
0.001
0.00101010101010101
0.00101010101010101
0.0005252525252525253
0.00101010101010101
0.0009797979797979799
0.0011111111111111111
0.0015151515151515152
0.007272727272727273
0.0006767676767676768
0.00032323232323232324
0.00101010101010101
0.0009191919191919192
0.00098989898989899
0.00016161616161616162
0.0008888888888888889
0.0009595959595959596
0.00101010101010101
0.0021212121212121214
0.0009292929292929294
0.00101010101010101
0.0009292929292929294
0.000494949494949495
0.002929292929292929
0.00101010101010101
0.0011111111111111111
0.000797979797979798
0.7676767676767676
0.007171717171717171
0.00101010101010101
0.00101010101010101
0.005555555555555556
0.0013131313131313131
0.00101010101010101
0.0012121212121212121
0.0034343434343434343
0.002323232323232323
0.00101010101010101
0.0011111111111111111
0.0012121212121212121
0.005050505050505051
0.00101010101010101
0.006363636363636364
0.0013131313131313131
0.00101010101010101
0.0077777777777777776
0.00040404040404040404
0.006262626262626263
0.004141414141414141
0.00101010101010101
0.00101010101010101
0.00042424242424242425
0.0015151515151515152
0.0005454545454545455
0.0008686868686868687
0.023232323232323233
0.00202020202020202
0.0011111111111111111
0.00595959595959596
0.0012121212121212121
0.0014141414141414141
0.0016161616161616162
0.0012121212121212121
0.0011111111111111111
0.0012121212121212121
0.0013131313131313131
0.005151515151515151
0.3333333333333333
0.6262626262626263
0.005050505050505051
0.41414141414141414
0.00101010101010101
0.6464646464646465
0.009595959595959595
0.0013131313131313131
0.0002525252525252525
0.0008383838383838383
0.21212121212121213
0.0016161616161616162
0.0009696969696969697
0.000595959595959596
0.013131313131313131
0.0011111111111111111
0.5252525252525253
0.43434343434343436
0.0026262626262626263
0.004545454545454545
0.004646464646464646
0.00101010101010101
0.35353535353535354
0.004343434343434344
0.26262626262626265
0.15151515151515152
0.004646464646464646
0.001
0.0008686868686868687
0.00038383838383838383
0.00017171717171717173
0.01
0.0025252525252525255
0.0009393939393939394
0.6262626262626263
0.0009191919191919192
0.0011111111111111111
0.0009696969696969697
0.0022222222222222222
0.00042424242424242425
0.0021212121212121214
0.12121212121212122
0.0006464646464646465
0.023232323232323233
0.09393939393939393
0.00101010101010101
0.00101010101010101
0.0007474747474747475
0.43434343434343436
0.5757575757575758
0.001
0.00393939393939394
0.013131313131313131
0.0013131313131313131
0.00101010101010101
0.0011111111111111111
0.00202020202020202
0.0009292929292929294
0.00045454545454545455
0.0009292929292929294
0.0014141414141414141
0.00202020202020202
0.0005252525252525253
0.00101010101010101
0.0007373737373737373
0.0011111111111111111
0.0006161616161616161
0.0012121212121212121
0.0015151515151515152
0.002323232323232323
0.9696969696969697
0.9696969696969697
0.00101010101010101
0.0008585858585858586
0.0011111111111111111
0.001
0.0015151515151515152
0.00101010101010101
0.0019191919191919192
0.0013131313131313131
0.0036363636363636364
0.0006767676767676768
0.0011111111111111111
0.00595959595959596
0.0011111111111111111
0.0012121212121212121
0.0011111111111111111
0.0024242424242424242
0.0012121212121212121
0.0006262626262626262
0.00035353535353535354
0.0009696969696969697
0.0021212121212121214
0.000595959595959596
0.00202020202020202
0.0009090909090909091
0.0030303030303030303
0.0030303030303030303
0.21212121212121213
0.0009292929292929294
0.0013131313131313131
0.0009595959595959596
0.0005555555555555556
0.0007474747474747475
0.000505050505050505
0.0005454545454545455
0.0008383838383838383
0.002929292929292929
