0.009524
0.7143
0.02857
0.02857
0.9333
0.8952
0.8
0.9524
0.981
0.9905
0.9905
0.9714
0.0
0.9905
0.9905
0.0
0.009524
0.9905
0.9905
0.0
0.9429
0.9714
0.9905
0.9619
0.4095
0.981
0.9905
0.9905
0.9905
0.981
0.9524
0.981
0.9905
0.9905
0.9905
0.9905
0.9905
0.9905
0.0
0.04762
1.0
0.9714
0.0
0.0381
1.0
0.0
1.0
0.981
0.0
0.0
0.0
0.0
0.9429
0.9714
0.0
0.0
0.0
0.0
0.0
0.0
0.9333
1.0
1.0
1.0
1.0
1.0
1.0
0.9905
0.0
0.9905
1.0
0.981
0.9524
0.9905
1.0
0.0
1.0
0.8762
0.9714
0.9905
0.9905
0.01905
0.08571
0.9714
0.01905
0.9905
1.0
0.0
0.9905
0.9905
1.0
1.0
0.0
0.0
1.0
0.9905
0.9905
1.0
0.0
0.9905
0.0
0.0
1.0
0.981
0.981
0.981
0.0
0.0
0.9905
0.009524
1.0
0.0
1.0
0.009524
0.0
0.009524
0.0
0.009524
0.0
0.009524
0.981
0.0
0.9905
0.0
0.9905
0.981
0.9143
0.9619
0.981
0.9905
0.981
0.9905
0.9714
0.9905
0.9714
0.07619
0.8381
0.0
0.9714
0.1619
0.0
0.9905
0.9905
0.9905
0.9905
0.9905
0.9905
0.0
0.981
0.981
0.981
0.981
0.0
0.0
0.981
0.9714
0.9333
0.981
0.9714
0.9619
0.9619
0.0
0.01905
0.981
0.981
0.981
0.009524
0.981
0.9048
0.9714
0.9714
0.0
0.9714
0.9714
0.9714
0.0
0.9714
0.9238
0.9714
0.9143
0.9714
0.9714
0.8476
0.8571
0.9714
0.0
0.9714
0.9524
0.8857
0.0
0.9714
0.9714
0.9714
0.6952
0.9714
0.9714
0.819
0.9619
0.9714
0.9714
0.9714
0.9714
0.9619
0.9714
0.9714
0.0
0.8571
0.9238
0.9429
0.9714
0.9714
0.9714
0.01905
0.9714
0.9714
0.9714
0.0381
0.9429
0.9619
0.9714
0.9619
0.7905
0.9714
0.9714
0.9524
0.9524
0.9524
0.9619
0.9429
0.8476
0.2095
0.9714
0.9238
0.9429
0.0
0.9714
0.9714
0.3238
0.9429
0.9619
0.8952
0.8095
0.9714
0.9619
0.8857
0.0
0.009524
0.9714
0.9143
0.9714
0.981
0.9714
0.9143
0.9714
0.0
0.981
0.9048
0.981
0.02857
0.981
0.981
0.9619
0.9714
0.08571
0.981
0.9714
0.981
0.0
0.9619
0.9714
0.0
0.009524
0.0
0.0
0.981
0.1238
0.8762
0.9524
0.9619
0.0
0.0
0.8095
0.9524
0.0
0.009524
0.009524
0.9524
0.819
0.9524
0.9429
0.01905
0.9619
0.9619
0.9524
0.0
0.0
0.8571
0.0
0.04762
0.0
0.0
0.2095
0.0
0.0
0.9619
0.0
0.009524
0.9524
0.0
0.9524
0.9524
0.9333
0.9333
0.9524
0.9524
0.9524
0.0
0.0
0.9524
0.9524
0.9619
0.9619
0.9619
0.9619
0.0
0.0
0.9333
0.8
0.9619
0.9429
0.9619
0.9524
0.009524
0.0
0.0
0.9619
0.009524
0.9333
0.9524
0.0
0.009524
0.0
0.9524
0.0
0.0
0.0
0.9619
0.7333
0.0
0.8952
0.2286
0.9619
0.009524
0.0381
0.9524
0.9619
0.419
0.01905
0.9524
0.1619
0.9524
0.2095
0.02857
0.5143
0.9619
0.8381
0.8952
0.8952
0.8667
0.8286
0.8476
0.1429
0.0
0.181
0.009524
0.7143
0.02857
0.02857
0.9333
0.8952
0.8
0.9524
0.981
0.9905
0.9905
0.9714
0.0
0.9905
0.9905
0.0
0.009524
0.9905
0.9905
0.0
0.9429
0.9714
0.9905
0.9619
0.4095
0.981
0.9905
0.9905
0.9905
0.981
0.9524
0.981
0.9905
0.9905
0.9905
0.9905
0.9905
0.9905
0.0
0.04762
1.0
0.9714
0.0
0.0381
1.0
0.0
1.0
0.981
0.0
0.0
0.0
0.0
0.9429
0.9714
0.0
0.0
0.0
0.0
0.0
0.0
0.9333
1.0
1.0
1.0
1.0
1.0
1.0
0.9905
0.0
0.9905
1.0
0.981
0.9524
0.9905
1.0
0.0
1.0
0.8762
0.9714
0.9905
0.9905
0.01905
0.08571
0.9714
0.01905
0.9905
1.0
0.0
0.9905
0.9905
1.0
1.0
0.0
0.0
1.0
0.9905
0.9905
1.0
0.0
0.9905
0.0
0.0
1.0
0.981
0.981
0.981
0.0
0.0
0.9905
0.009524
1.0
0.0
1.0
0.009524
0.0
0.009524
0.0
0.009524
0.0
0.009524
0.981
0.0
0.9905
0.0
0.9905
0.981
0.9143
0.9619
0.981
0.9905
0.981
0.9905
0.9714
0.9905
0.9714
0.07619
0.8381
0.0
0.9714
0.1619
0.0
0.9905
0.9905
0.9905
0.9905
0.9905
0.9905
0.0
0.981
0.981
0.981
0.981
0.0
0.0
0.981
0.9714
0.9333
0.981
0.9714
0.9619
0.9619
0.0
0.01905
0.981
0.981
0.981
0.009524
0.981
0.9048
0.9714
0.9714
0.0
0.9714
0.9714
0.9714
0.0
0.9714
0.9238
0.9714
0.9143
0.9714
0.9714
0.8476
0.8571
0.9714
0.0
0.9714
0.9524
0.8857
0.0
0.9714
0.9714
0.9714
0.6952
0.9714
0.9714
0.819
0.9619
0.9714
0.9714
0.9714
0.9714
0.9619
0.9714
0.9714
0.0
0.8571
0.9238
0.9429
0.9714
0.9714
0.9714
0.01905
0.9714
0.9714
0.9714
0.0381
0.9429
0.9619
0.9714
0.9619
0.7905
0.9714
0.9714
0.9524
0.9524
0.9524
0.9619
0.9429
0.8476
0.2095
0.9714
0.9238
0.9429
0.0
0.9714
0.9714
0.3238
0.9429
0.9619
0.8952
0.8095
0.9714
0.9619
0.8857
0.0
0.009524
0.9714
0.9143
0.9714
0.981
0.9714
0.9143
0.9714
0.0
0.981
0.9048
0.981
0.02857
0.981
0.981
0.9619
0.9714
0.08571
0.981
0.9714
0.981
0.0
0.9619
0.9714
0.0
0.009524
0.0
0.0
0.981
0.1238
0.8762
0.9524
0.9619
0.0
0.0
0.8095
0.9524
0.0
0.009524
0.009524
0.9524
0.819
0.9524
0.9429
0.01905
0.9619
0.9619
0.9524
0.0
0.0
0.8571
0.0
0.04762
0.0
0.0
0.2095
0.0
0.0
0.9619
0.0
0.009524
0.9524
0.0
0.9524
0.9524
0.9333
0.9333
0.9524
0.9524
0.9524
0.0
0.0
0.9524
0.9524
0.9619
0.9619
0.9619
0.9619
0.0
0.0
0.9333
0.8
0.9619
0.9429
0.9619
0.9524
0.009524
0.0
0.0
0.9619
0.009524
0.9333
0.9524
0.0
0.009524
0.0
0.9524
0.0
0.0
0.0
0.9619
0.7333
0.0
0.8952
0.2286
0.9619
0.009524
0.0381
0.9524
0.9619
0.419
0.01905
0.9524
0.1619
0.9524
0.2095
0.02857
0.5143
0.9619
0.8381
0.8952
0.8952
0.8667
0.8286
0.8476
0.1429
0.0
0.181
