57
0.75
28
4.7
1
0.78
0.74
0.94
1.3
1.1
1.1
1.5
3.5
1
1.5
5.1
3.8
1.7
1.1
3
1.1
1.1
1.1
1.1
0.93
1.1
1.1
1.3
1.1
1
0.95
1.2
2.4
1
1.1
1.1
1.2
1.3
2.4
3
1.2
1.4
12
7.4
1
6.5
1.7
1.1
7.3
490
96
4.3
2.7
1.3
18
66
27
22
37
190
1.9
1
1.7
1.1
1.7
1
1
0.99
2.7
1.2
1
1.1
0.88
1
1
2.1
1
0.92
0.97
0.98
1.2
290
93
1.1
230
0.99
1
480
0.98
1.1
1.3
1.1
7.2
7.3
1
1.1
0.99
1.7
2.6
0.98
5
5.8
1
2.2
2.3
1.1
6.9
6.1
0.98
3
1
250
1.7
15
31
24
5.6
450
5.5
43
1.3
2.6
1.9
480
1
1.1
0.8
1.6
0.95
1
1
0.98
1.6
0.99
1
78
0.88
350
1
28
3.8
1.8
1.3
1
1.1
0.99
1.5
2.1
0.96
0.97
0.97
1.2
930
5.8
2
2
1
1.2
0.95
0.97
0.95
42
560
1.6
1.2
1.3
5.5
1.2
0.8
0.96
1
6.9
1.2
0.92
1.1
520
1.1
0.82
0.93
0.84
0.94
1.7
0.66
1
1.9
2.1
1.1
0.92
0.7
900
1.2
0.93
0.92
0.37
0.92
1.3
0.62
0.93
0.94
0.93
0.93
0.98
1
0.92
1.1
7
1.1
1.6
1.1
0.95
0.93
0.93
14
1.1
0.94
0.92
1.4
0.86
0.9
0.94
1.7
0.69
0.92
1.1
0.89
1.3
1.4
0.9
0.86
1.2
3.3
0.92
1.1
1.8
230
0.93
1.1
160
1.3
0.9
1.2
0.69
0.92
1.8
0.85
5.3
50
0.95
0.77
1.1
1.4
1.1
0.79
1.4
2.3
1.1
0.87
1.1
2.6
1.5
1.1
1
1.1
4.5
1.8
1
1.1
5.6
1.2
0.92
8.5
35
39
18
1.2
540
1.1
1.1
1
14
820
0.65
1.5
22
4.7
5.3
0.88
1.1
1.5
1.1
3.3
1.3
0.9
1.3
4.2
9.1
2.5
11
31
150
17
67
880
110
1.2
880
200
1.1
53
1.8
0.87
0.85
0.98
1.5
1
0.88
4.9
140
1.2
0.88
1
2.4
0.91
1.2
8.9
3.4
1.8
0.82
0.93
1
0.94
0.9
7.1
8.9
2.1
1.7
100
1
0.89
6.1
210
75
0.97
85
880
4.3
0.92
0.47
83
0.77
31
1
2.2
2.2
1
1.2
1
2
1
1
0.9
1.7
4.3
0.24
0.95
0.78
0.98
0.89
0.74
0.86
1.1
160
32
20
57
0.75
28
4.7
1
0.78
0.74
0.94
1.3
1.1
1.1
1.5
3.5
1
1.5
5.1
3.8
1.7
1.1
3
1.1
1.1
1.1
1.1
0.93
1.1
1.1
1.3
1.1
1
0.95
1.2
2.4
1
1.1
1.1
1.2
1.3
2.4
3
1.2
1.4
12
7.4
1
6.5
1.7
1.1
7.3
490
96
4.3
2.7
1.3
18
66
27
22
37
190
1.9
1
1.7
1.1
1.7
1
1
0.99
2.7
1.2
1
1.1
0.88
1
1
2.1
1
0.92
0.97
0.98
1.2
290
93
1.1
230
0.99
1
480
0.98
1.1
1.3
1.1
7.2
7.3
1
1.1
0.99
1.7
2.6
0.98
5
5.8
1
2.2
2.3
1.1
6.9
6.1
0.98
3
1
250
1.7
15
31
24
5.6
450
5.5
43
1.3
2.6
1.9
480
1
1.1
0.8
1.6
0.95
1
1
0.98
1.6
0.99
1
78
0.88
350
1
28
3.8
1.8
1.3
1
1.1
0.99
1.5
2.1
0.96
0.97
0.97
1.2
930
5.8
2
2
1
1.2
0.95
0.97
0.95
42
560
1.6
1.2
1.3
5.5
1.2
0.8
0.96
1
6.9
1.2
0.92
1.1
520
1.1
0.82
0.93
0.84
0.94
1.7
0.66
1
1.9
2.1
1.1
0.92
0.7
900
1.2
0.93
0.92
0.37
0.92
1.3
0.62
0.93
0.94
0.93
0.93
0.98
1
0.92
1.1
7
1.1
1.6
1.1
0.95
0.93
0.93
14
1.1
0.94
0.92
1.4
0.86
0.9
0.94
1.7
0.69
0.92
1.1
0.89
1.3
1.4
0.9
0.86
1.2
3.3
0.92
1.1
1.8
230
0.93
1.1
160
1.3
0.9
1.2
0.69
0.92
1.8
0.85
5.3
50
0.95
0.77
1.1
1.4
1.1
0.79
1.4
2.3
1.1
0.87
1.1
2.6
1.5
1.1
1
1.1
4.5
1.8
1
1.1
5.6
1.2
0.92
8.5
35
39
18
1.2
540
1.1
1.1
1
14
820
0.65
1.5
22
4.7
5.3
0.88
1.1
1.5
1.1
3.3
1.3
0.9
1.3
4.2
9.1
2.5
11
31
150
17
67
880
110
1.2
880
200
1.1
53
1.8
0.87
0.85
0.98
1.5
1
0.88
4.9
140
1.2
0.88
1
2.4
0.91
1.2
8.9
3.4
1.8
0.82
0.93
1
0.94
0.9
7.1
8.9
2.1
1.7
100
1
0.89
6.1
210
75
0.97
85
880
4.3
0.92
0.47
83
0.77
31
1
2.2
2.2
1
1.2
1
2
1
1
0.9
1.7
4.3
0.24
0.95
0.78
0.98
0.89
0.74
0.86
1.1
160
32
20
