0.0007926829268292683
0.0007926829268292683
0.0005
0.0005853658536585366
0.0005609756097560976
0.0005121951219512195
0.0011097560975609757
0.0011341463414634148
0.0014634146341463415
0.0010365853658536586
0.0013414634146341464
0.0008658536585365854
0.0011219512195121953
0.0014634146341463415
0.0021951219512195124
0.0011097560975609757
0.00035365853658536584
0.012195121951219513
0.0006219512195121951
0.07317073170731707
0.001
0.002317073170731707
0.0013414634146341464
0.0008658536585365854
0.0009878048780487805
0.0010487804878048781
0.0039024390243902443
0.0010853658536585367
0.0011707317073170731
0.001024390243902439
0.0011707317073170731
0.001024390243902439
0.0011951219512195122
0.00036585365853658537
0.008414634146341464
0.0011585365853658536
0.0011829268292682926
0.0009146341463414635
0.0004634146341463415
0.0013414634146341464
0.0013414634146341464
0.0524390243902439
0.0013414634146341464
0.0011951219512195122
0.0015853658536585367
0.002317073170731707
0.0010975609756097562
0.0017073170731707317
0.0017073170731707317
0.0011097560975609757
0.0017073170731707317
0.0015853658536585367
0.0012195121951219512
0.00451219512195122
0.00853658536585366
0.0014634146341463415
0.00040243902439024393
0.009878048780487805
0.0025609756097560977
0.01951219512195122
0.023170731707317073
0.0025609756097560977
0.0009756097560975611
0.0019512195121951222
0.0012195121951219512
0.00902439024390244
0.0011829268292682926
0.001146341463414634
0.0012195121951219512
0.0028048780487804877
0.01707317073170732
0.0011951219512195122
0.009634146341463415
0.0012195121951219512
0.0009756097560975611
0.0012195121951219512
0.0014634146341463415
0.0012195121951219512
0.0014634146341463415
0.001
0.0012195121951219512
0.0014634146341463415
0.0021951219512195124
0.0017073170731707317
0.0003780487804878049
0.0012195121951219512
0.0010121951219512195
0.0011829268292682926
0.0014634146341463415
0.0011829268292682926
0.0014634146341463415
0.0015853658536585367
0.001
0.0021951219512195124
0.004878048780487805
0.0011951219512195122
0.0013414634146341464
0.0011951219512195122
0.004878048780487805
0.002073170731707317
0.0012195121951219512
0.010853658536585367
0.013414634146341463
0.0012195121951219512
0.17073170731707318
0.002073170731707317
0.0013414634146341464
0.25609756097560976
0.003658536585365854
0.0011829268292682926
0.0019512195121951222
0.0011829268292682926
0.00853658536585366
0.07439024390243902
0.03536585365853658
0.0028048780487804877
0.012195121951219513
0.0039024390243902443
0.005853658536585366
0.0019512195121951222
0.0017073170731707317
0.036585365853658534
0.00451219512195122
0.3048780487804878
0.0012195121951219512
0.0014634146341463415
0.000926829268292683
0.006097560975609756
0.0012195121951219512
0.0011585365853658536
0.0005853658536585366
0.0012195121951219512
0.001829268292682927
0.001146341463414634
0.0011097560975609757
0.0021951219512195124
0.006341463414634147
0.0006097560975609756
0.0012195121951219512
0.0017073170731707317
0.0024390243902439024
0.008170731707317073
0.0015853658536585367
0.0012195121951219512
0.0013414634146341464
0.001146341463414634
0.005365853658536586
0.0024390243902439024
0.0010121951219512195
0.0012195121951219512
0.0009756097560975611
0.0006463414634146342
0.0021951219512195124
0.001829268292682927
0.015853658536585366
0.001829268292682927
0.001146341463414634
0.0012195121951219512
0.0012073170731707317
0.0007926829268292683
0.0010609756097560976
0.0011951219512195122
0.0010853658536585367
0.001829268292682927
0.0009756097560975611
1.0
0.001829268292682927
0.0014634146341463415
0.0005243902439024391
0.0012195121951219512
0.0012195121951219512
0.0014634146341463415
0.0015853658536585367
0.0012195121951219512
0.0012195121951219512
0.0017073170731707317
0.0014634146341463415
0.0013414634146341464
0.0012195121951219512
0.0013414634146341464
0.0009756097560975611
0.0019512195121951222
0.0010609756097560976
0.0006463414634146342
0.004024390243902439
0.0024390243902439024
0.020731707317073172
0.0013414634146341464
0.0012195121951219512
0.00021951219512195122
0.0013414634146341464
0.0010975609756097562
0.0012195121951219512
0.0010487804878048781
0.0012195121951219512
0.002682926829268293
0.0011951219512195122
0.0012195121951219512
0.0012195121951219512
0.0012195121951219512
0.0012195121951219512
0.0011097560975609757
0.0012195121951219512
0.0012195121951219512
0.0013414634146341464
0.0017073170731707317
0.0019512195121951222
0.002073170731707317
0.0012195121951219512
0.0012195121951219512
0.0012195121951219512
0.0010487804878048781
0.046341463414634146
0.0014634146341463415
0.0012195121951219512
0.0012195121951219512
0.002317073170731707
0.0012195121951219512
0.0012195121951219512
0.0009756097560975611
0.002073170731707317
0.004390243902439025
0.0012195121951219512
0.06951219512195123
0.0011707317073170731
0.0015853658536585367
0.0014634146341463415
0.0012195121951219512
0.0012195121951219512
0.008048780487804878
0.001829268292682927
0.0011829268292682926
0.03902439024390244
0.003048780487804878
0.00475609756097561
0.0010975609756097562
0.0014634146341463415
0.0012195121951219512
0.0013414634146341464
0.0012195121951219512
0.0019512195121951222
0.005731707317073171
0.0012195121951219512
0.032926829268292684
0.0015853658536585367
0.25609756097560976
0.0951219512195122
0.0011219512195121953
0.0012073170731707317
0.0012195121951219512
0.6097560975609756
0.0014634146341463415
0.0012195121951219512
0.001829268292682927
0.1
0.0006097560975609756
0.0013414634146341464
0.0014634146341463415
0.003658536585365854
0.17073170731707318
0.042682926829268296
0.0009024390243902439
0.3780487804878049
0.005121951219512195
0.06829268292682927
0.0013414634146341464
0.0014634146341463415
0.002317073170731707
0.0012195121951219512
0.0011829268292682926
0.0011341463414634148
0.002926829268292683
0.002926829268292683
0.001829268292682927
0.0014634146341463415
0.008048780487804878
1.0
0.0014634146341463415
0.0014634146341463415
0.00475609756097561
0.002926829268292683
0.0015853658536585367
0.0013414634146341464
0.054878048780487805
0.25609756097560976
0.0035365853658536586
0.0009756097560975611
0.0034146341463414634
0.0019512195121951222
0.0015853658536585367
0.0032926829268292686
0.0014634146341463415
0.0010975609756097562
0.013414634146341463
0.0031707317073170734
0.0019512195121951222
0.00426829268292683
0.012073170731707317
0.010365853658536586
0.6951219512195121
0.0015853658536585367
0.006341463414634147
0.8048780487804879
0.007804878048780489
0.0015853658536585367
0.002317073170731707
0.0021951219512195124
0.0014634146341463415
0.010853658536585367
0.002317073170731707
0.0011829268292682926
0.0008780487804878049
0.001146341463414634
0.002073170731707317
0.0014634146341463415
0.0012195121951219512
0.2926829268292683
0.0021951219512195124
0.0015853658536585367
0.0009756097560975611
0.0013414634146341464
0.0007682926829268293
0.0010121951219512195
0.0014634146341463415
0.004146341463414634
0.0019512195121951222
0.00951219512195122
0.0015853658536585367
0.0012195121951219512
0.0011341463414634148
0.0009634146341463416
0.0012195121951219512
0.0024390243902439024
0.0010731707317073172
0.0021951219512195124
0.008658536585365853
0.0005853658536585366
0.0009390243902439025
0.0011585365853658536
0.0019512195121951222
0.012195121951219513
0.0017073170731707317
0.0009756097560975611
0.03170731707317073
0.0014634146341463415
0.001829268292682927
0.0011219512195121953
0.0014634146341463415
0.0010365853658536586
0.0011829268292682926
0.0014634146341463415
0.0013414634146341464
0.13414634146341464
0.0003902439024390244
0.0013414634146341464
0.0001707317073170732
0.0014634146341463415
0.002317073170731707
0.0014634146341463415
0.0028048780487804877
0.0012195121951219512
0.002317073170731707
0.004999999999999999
0.0019512195121951222
0.0011585365853658536
0.042682926829268296
0.0014634146341463415
0.0008170731707317074
0.0006829268292682927
0.0008658536585365854
0.001024390243902439
0.0008414634146341463
0.0013414634146341464
0.0007804878048780488
0.0007926829268292683
0.0007926829268292683
0.0005
0.0005853658536585366
0.0005609756097560976
0.0005121951219512195
0.0011097560975609757
0.0011341463414634148
0.0014634146341463415
0.0010365853658536586
0.0013414634146341464
0.0008658536585365854
0.0011219512195121953
0.0014634146341463415
0.0021951219512195124
0.0011097560975609757
0.00035365853658536584
0.012195121951219513
0.0006219512195121951
0.07317073170731707
0.001
0.002317073170731707
0.0013414634146341464
0.0008658536585365854
0.0009878048780487805
0.0010487804878048781
0.0039024390243902443
0.0010853658536585367
0.0011707317073170731
0.001024390243902439
0.0011707317073170731
0.001024390243902439
0.0011951219512195122
0.00036585365853658537
0.008414634146341464
0.0011585365853658536
0.0011829268292682926
0.0009146341463414635
0.0004634146341463415
0.0013414634146341464
0.0013414634146341464
0.0524390243902439
0.0013414634146341464
0.0011951219512195122
0.0015853658536585367
0.002317073170731707
0.0010975609756097562
0.0017073170731707317
0.0017073170731707317
0.0011097560975609757
0.0017073170731707317
0.0015853658536585367
0.0012195121951219512
0.00451219512195122
0.00853658536585366
0.0014634146341463415
0.00040243902439024393
0.009878048780487805
0.0025609756097560977
0.01951219512195122
0.023170731707317073
0.0025609756097560977
0.0009756097560975611
0.0019512195121951222
0.0012195121951219512
0.00902439024390244
0.0011829268292682926
0.001146341463414634
0.0012195121951219512
0.0028048780487804877
0.01707317073170732
0.0011951219512195122
0.009634146341463415
0.0012195121951219512
0.0009756097560975611
0.0012195121951219512
0.0014634146341463415
0.0012195121951219512
0.0014634146341463415
0.001
0.0012195121951219512
0.0014634146341463415
0.0021951219512195124
0.0017073170731707317
0.0003780487804878049
0.0012195121951219512
0.0010121951219512195
0.0011829268292682926
0.0014634146341463415
0.0011829268292682926
0.0014634146341463415
0.0015853658536585367
0.001
0.0021951219512195124
0.004878048780487805
0.0011951219512195122
0.0013414634146341464
0.0011951219512195122
0.004878048780487805
0.002073170731707317
0.0012195121951219512
0.010853658536585367
0.013414634146341463
0.0012195121951219512
0.17073170731707318
0.002073170731707317
0.0013414634146341464
0.25609756097560976
0.003658536585365854
0.0011829268292682926
0.0019512195121951222
0.0011829268292682926
0.00853658536585366
0.07439024390243902
0.03536585365853658
0.0028048780487804877
0.012195121951219513
0.0039024390243902443
0.005853658536585366
0.0019512195121951222
0.0017073170731707317
0.036585365853658534
0.00451219512195122
0.3048780487804878
0.0012195121951219512
0.0014634146341463415
0.000926829268292683
0.006097560975609756
0.0012195121951219512
0.0011585365853658536
0.0005853658536585366
0.0012195121951219512
0.001829268292682927
0.001146341463414634
0.0011097560975609757
0.0021951219512195124
0.006341463414634147
0.0006097560975609756
0.0012195121951219512
0.0017073170731707317
0.0024390243902439024
0.008170731707317073
0.0015853658536585367
0.0012195121951219512
0.0013414634146341464
0.001146341463414634
0.005365853658536586
0.0024390243902439024
0.0010121951219512195
0.0012195121951219512
0.0009756097560975611
0.0006463414634146342
0.0021951219512195124
0.001829268292682927
0.015853658536585366
0.001829268292682927
0.001146341463414634
0.0012195121951219512
0.0012073170731707317
0.0007926829268292683
0.0010609756097560976
0.0011951219512195122
0.0010853658536585367
0.001829268292682927
0.0009756097560975611
1.0
0.001829268292682927
0.0014634146341463415
0.0005243902439024391
0.0012195121951219512
0.0012195121951219512
0.0014634146341463415
0.0015853658536585367
0.0012195121951219512
0.0012195121951219512
0.0017073170731707317
0.0014634146341463415
0.0013414634146341464
0.0012195121951219512
0.0013414634146341464
0.0009756097560975611
0.0019512195121951222
0.0010609756097560976
0.0006463414634146342
0.004024390243902439
0.0024390243902439024
0.020731707317073172
0.0013414634146341464
0.0012195121951219512
0.00021951219512195122
0.0013414634146341464
0.0010975609756097562
0.0012195121951219512
0.0010487804878048781
0.0012195121951219512
0.002682926829268293
0.0011951219512195122
0.0012195121951219512
0.0012195121951219512
0.0012195121951219512
0.0012195121951219512
0.0011097560975609757
0.0012195121951219512
0.0012195121951219512
0.0013414634146341464
0.0017073170731707317
0.0019512195121951222
0.002073170731707317
0.0012195121951219512
0.0012195121951219512
0.0012195121951219512
0.0010487804878048781
0.046341463414634146
0.0014634146341463415
0.0012195121951219512
0.0012195121951219512
0.002317073170731707
0.0012195121951219512
0.0012195121951219512
0.0009756097560975611
0.002073170731707317
0.004390243902439025
0.0012195121951219512
0.06951219512195123
0.0011707317073170731
0.0015853658536585367
0.0014634146341463415
0.0012195121951219512
0.0012195121951219512
0.008048780487804878
0.001829268292682927
0.0011829268292682926
0.03902439024390244
0.003048780487804878
0.00475609756097561
0.0010975609756097562
0.0014634146341463415
0.0012195121951219512
0.0013414634146341464
0.0012195121951219512
0.0019512195121951222
0.005731707317073171
0.0012195121951219512
0.032926829268292684
0.0015853658536585367
0.25609756097560976
0.0951219512195122
0.0011219512195121953
0.0012073170731707317
0.0012195121951219512
0.6097560975609756
0.0014634146341463415
0.0012195121951219512
0.001829268292682927
0.1
0.0006097560975609756
0.0013414634146341464
0.0014634146341463415
0.003658536585365854
0.17073170731707318
0.042682926829268296
0.0009024390243902439
0.3780487804878049
0.005121951219512195
0.06829268292682927
0.0013414634146341464
0.0014634146341463415
0.002317073170731707
0.0012195121951219512
0.0011829268292682926
0.0011341463414634148
0.002926829268292683
0.002926829268292683
0.001829268292682927
0.0014634146341463415
0.008048780487804878
1.0
0.0014634146341463415
0.0014634146341463415
0.00475609756097561
0.002926829268292683
0.0015853658536585367
0.0013414634146341464
0.054878048780487805
0.25609756097560976
0.0035365853658536586
0.0009756097560975611
0.0034146341463414634
0.0019512195121951222
0.0015853658536585367
0.0032926829268292686
0.0014634146341463415
0.0010975609756097562
0.013414634146341463
0.0031707317073170734
0.0019512195121951222
0.00426829268292683
0.012073170731707317
0.010365853658536586
0.6951219512195121
0.0015853658536585367
0.006341463414634147
0.8048780487804879
0.007804878048780489
0.0015853658536585367
0.002317073170731707
0.0021951219512195124
0.0014634146341463415
0.010853658536585367
0.002317073170731707
0.0011829268292682926
0.0008780487804878049
0.001146341463414634
0.002073170731707317
0.0014634146341463415
0.0012195121951219512
0.2926829268292683
0.0021951219512195124
0.0015853658536585367
0.0009756097560975611
0.0013414634146341464
0.0007682926829268293
0.0010121951219512195
0.0014634146341463415
0.004146341463414634
0.0019512195121951222
0.00951219512195122
0.0015853658536585367
0.0012195121951219512
0.0011341463414634148
0.0009634146341463416
0.0012195121951219512
0.0024390243902439024
0.0010731707317073172
0.0021951219512195124
0.008658536585365853
0.0005853658536585366
0.0009390243902439025
0.0011585365853658536
0.0019512195121951222
0.012195121951219513
0.0017073170731707317
0.0009756097560975611
0.03170731707317073
0.0014634146341463415
0.001829268292682927
0.0011219512195121953
0.0014634146341463415
0.0010365853658536586
0.0011829268292682926
0.0014634146341463415
0.0013414634146341464
0.13414634146341464
0.0003902439024390244
0.0013414634146341464
0.0001707317073170732
0.0014634146341463415
0.002317073170731707
0.0014634146341463415
0.0028048780487804877
0.0012195121951219512
0.002317073170731707
0.004999999999999999
0.0019512195121951222
0.0011585365853658536
0.042682926829268296
0.0014634146341463415
0.0008170731707317074
0.0006829268292682927
0.0008658536585365854
0.001024390243902439
0.0008414634146341463
0.0013414634146341464
0.0007804878048780488
