0.7179
0.2564
0.641
0.6282
0.6667
0.641
0.9103
0.9487
0.9231
0.9231
0.9359
0.8718
0.9487
0.8974
0.0
0.9487
0.5897
0.0
0.0
0.3077
0.8974
0.01282
0.9487
0.859
0.9103
0.8846
0.08974
0.9103
0.9615
0.8718
0.9615
0.9231
0.9615
0.641
0.01282
0.9615
0.9615
0.8846
0.6923
0.9487
0.7949
0.0
0.9615
0.8718
0.9359
0.9487
0.9615
0.01282
0.9487
0.9359
0.859
0.9359
0.7949
0.0
0.02564
0.9615
0.02564
0.03846
0.859
0.02564
0.0
0.9872
0.9231
1.0
0.9615
0.1795
0.9872
0.9744
1.0
0.02564
0.1154
0.9872
0.4615
1.0
0.9231
1.0
0.2308
1.0
0.9487
0.9231
1.0
1.0
0.9231
0.9615
0.6538
0.8846
0.9359
0.9872
0.9744
0.9872
1.0
0.9872
0.9103
0.9359
0.0
0.9872
1.0
0.9872
0.07692
0.0641
1.0
0.01282
0.02564
1.0
0.1026
0.9231
1.0
0.3077
0.0
0.9872
0.8462
0.9872
0.0
0.1538
0.1282
0.859
0.1026
0.01282
0.0
0.7821
1.0
0.02564
0.0
0.0
1.0
0.9872
0.8974
0.05128
1.0
0.9744
0.7692
1.0
0.9615
0.9744
0.9359
1.0
0.03846
0.5769
0.9872
0.9872
0.1026
0.01282
0.9872
1.0
1.0
0.9744
0.0641
0.0
0.9359
1.0
0.9231
0.7692
0.8974
0.9872
0.02564
0.9103
0.9103
0.9487
0.9872
0.8462
0.9359
0.1923
0.7564
0.9872
0.8718
0.05128
0.9872
0.9872
0.7436
1.0
0.9744
0.8846
1.0
1.0
0.9615
1.0
0.9872
1.0
1.0
0.9872
0.9231
0.9615
0.9231
0.7051
0.02564
0.9103
0.3205
1.0
1.0
0.5128
0.9487
0.9615
1.0
0.9103
1.0
0.2564
0.9487
0.9872
1.0
1.0
1.0
0.9487
0.9744
1.0
0.9872
0.9615
0.9872
0.9487
0.9231
1.0
1.0
0.9487
0.2692
1.0
1.0
1.0
0.01282
1.0
1.0
0.9231
0.9872
0.07692
1.0
0.3077
0.9744
0.9744
0.9103
1.0
1.0
0.01282
1.0
0.9872
0.1538
0.0
0.05128
0.9615
1.0
0.9615
0.9103
1.0
0.9744
0.2051
1.0
0.0
1.0
0.1154
0.0
0.9615
0.9872
0.9487
0.0
1.0
1.0
1.0
0.0641
0.7692
0.9872
1.0
0.03846
0.01282
0.01282
0.8718
0.02564
0.02564
0.2179
1.0
1.0
0.9615
0.9231
0.9872
0.7051
0.9872
0.1923
1.0
0.9872
0.0
0.0
0.9744
1.0
0.0
0.0
1.0
0.8718
0.0
0.01282
0.0
0.9231
0.1154
0.9744
0.9872
0.02564
0.9487
0.9615
0.141
0.0
0.9744
0.9744
0.05128
0.01282
0.0
0.9744
0.141
0.0
0.02564
0.9872
0.8846
0.9615
0.9744
0.03846
0.9872
0.9872
0.8846
0.9231
1.0
1.0
1.0
0.0
0.2308
1.0
0.9231
0.9872
0.6538
0.9359
0.9615
0.0641
0.9103
0.0
0.9359
0.9872
0.9231
0.9103
0.9872
0.01282
0.4359
0.0
0.05128
0.6154
0.859
0.9744
0.9872
0.02564
0.9615
0.8974
0.01282
0.9615
0.9487
0.9615
0.9872
0.6923
0.9615
0.9487
0.9744
0.01282
0.6026
0.9872
0.4872
0.9615
0.0
0.9872
0.01282
0.9872
0.9872
0.0
0.9231
0.9615
0.141
0.9615
0.8205
0.7949
0.7821
0.7821
0.8077
0.7564
0.7564
0.7179
0.2564
0.641
0.6282
0.6667
0.641
0.9103
0.9487
0.9231
0.9231
0.9359
0.8718
0.9487
0.8974
0.0
0.9487
0.5897
0.0
0.0
0.3077
0.8974
0.01282
0.9487
0.859
0.9103
0.8846
0.08974
0.9103
0.9615
0.8718
0.9615
0.9231
0.9615
0.641
0.01282
0.9615
0.9615
0.8846
0.6923
0.9487
0.7949
0.0
0.9615
0.8718
0.9359
0.9487
0.9615
0.01282
0.9487
0.9359
0.859
0.9359
0.7949
0.0
0.02564
0.9615
0.02564
0.03846
0.859
0.02564
0.0
0.9872
0.9231
1.0
0.9615
0.1795
0.9872
0.9744
1.0
0.02564
0.1154
0.9872
0.4615
1.0
0.9231
1.0
0.2308
1.0
0.9487
0.9231
1.0
1.0
0.9231
0.9615
0.6538
0.8846
0.9359
0.9872
0.9744
0.9872
1.0
0.9872
0.9103
0.9359
0.0
0.9872
1.0
0.9872
0.07692
0.0641
1.0
0.01282
0.02564
1.0
0.1026
0.9231
1.0
0.3077
0.0
0.9872
0.8462
0.9872
0.0
0.1538
0.1282
0.859
0.1026
0.01282
0.0
0.7821
1.0
0.02564
0.0
0.0
1.0
0.9872
0.8974
0.05128
1.0
0.9744
0.7692
1.0
0.9615
0.9744
0.9359
1.0
0.03846
0.5769
0.9872
0.9872
0.1026
0.01282
0.9872
1.0
1.0
0.9744
0.0641
0.0
0.9359
1.0
0.9231
0.7692
0.8974
0.9872
0.02564
0.9103
0.9103
0.9487
0.9872
0.8462
0.9359
0.1923
0.7564
0.9872
0.8718
0.05128
0.9872
0.9872
0.7436
1.0
0.9744
0.8846
1.0
1.0
0.9615
1.0
0.9872
1.0
1.0
0.9872
0.9231
0.9615
0.9231
0.7051
0.02564
0.9103
0.3205
1.0
1.0
0.5128
0.9487
0.9615
1.0
0.9103
1.0
0.2564
0.9487
0.9872
1.0
1.0
1.0
0.9487
0.9744
1.0
0.9872
0.9615
0.9872
0.9487
0.9231
1.0
1.0
0.9487
0.2692
1.0
1.0
1.0
0.01282
1.0
1.0
0.9231
0.9872
0.07692
1.0
0.3077
0.9744
0.9744
0.9103
1.0
1.0
0.01282
1.0
0.9872
0.1538
0.0
0.05128
0.9615
1.0
0.9615
0.9103
1.0
0.9744
0.2051
1.0
0.0
1.0
0.1154
0.0
0.9615
0.9872
0.9487
0.0
1.0
1.0
1.0
0.0641
0.7692
0.9872
1.0
0.03846
0.01282
0.01282
0.8718
0.02564
0.02564
0.2179
1.0
1.0
0.9615
0.9231
0.9872
0.7051
0.9872
0.1923
1.0
0.9872
0.0
0.0
0.9744
1.0
0.0
0.0
1.0
0.8718
0.0
0.01282
0.0
0.9231
0.1154
0.9744
0.9872
0.02564
0.9487
0.9615
0.141
0.0
0.9744
0.9744
0.05128
0.01282
0.0
0.9744
0.141
0.0
0.02564
0.9872
0.8846
0.9615
0.9744
0.03846
0.9872
0.9872
0.8846
0.9231
1.0
1.0
1.0
0.0
0.2308
1.0
0.9231
0.9872
0.6538
0.9359
0.9615
0.0641
0.9103
0.0
0.9359
0.9872
0.9231
0.9103
0.9872
0.01282
0.4359
0.0
0.05128
0.6154
0.859
0.9744
0.9872
0.02564
0.9615
0.8974
0.01282
0.9615
0.9487
0.9615
0.9872
0.6923
0.9615
0.9487
0.9744
0.01282
0.6026
0.9872
0.4872
0.9615
0.0
0.9872
0.01282
0.9872
0.9872
0.0
0.9231
0.9615
0.141
0.9615
0.8205
0.7949
0.7821
0.7821
0.8077
0.7564
0.7564
