0.6275
0.8039
0.09804
0.8039
0.5686
0.902
0.9216
0.1765
0.9216
0.5098
0.9216
0.8431
0.3137
0.7255
0.9216
0.01961
0.1176
0.0
0.0
0.7843
0.7059
0.7647
0.8627
0.8824
0.9216
0.7255
0.8824
0.902
0.902
0.9216
0.9216
0.8824
0.8431
0.0
0.9216
0.902
0.902
0.8431
0.902
0.4118
0.8627
0.9804
0.9412
0.8431
0.05882
1.0
0.0
0.902
0.1765
0.0
0.0
0.1569
0.03922
0.0
0.0
0.01961
0.01961
0.0
0.0
0.1176
0.0
0.07843
0.9804
0.07843
0.9804
0.5882
1.0
1.0
0.9804
0.07843
0.8431
1.0
0.9608
0.9804
0.9804
0.9804
0.7255
0.9804
0.9412
0.9804
1.0
0.0
0.8627
1.0
0.9216
0.01961
0.9804
0.9804
0.9804
0.9804
0.9608
0.0
0.9608
0.8235
0.07843
0.9804
1.0
0.9804
0.9804
0.0
0.9608
0.07843
0.0
0.9804
0.9804
0.9804
0.1569
0.5098
0.3922
0.9804
0.05882
0.9804
0.0
0.0
0.01961
0.01961
0.03922
0.01961
0.0
0.0
0.1176
0.9216
0.8235
0.0
0.8235
0.9608
0.8824
0.8824
0.9608
0.8235
0.9608
0.9804
0.8039
1.0
0.9804
0.3529
0.451
0.09804
0.8039
0.8235
0.0
0.01961
0.8824
0.8627
0.9216
1.0
0.8039
0.9804
1.0
0.9608
1.0
0.05882
0.09804
0.9804
0.9216
0.9412
0.9216
0.8824
0.9804
0.8824
1.0
0.8235
0.1961
0.9608
0.9412
1.0
0.8824
1.0
0.9608
0.8431
0.8627
0.7255
0.1373
1.0
1.0
1.0
0.8431
0.9804
0.9804
0.5294
1.0
0.8627
0.9608
0.05882
0.9216
0.8431
1.0
0.9608
0.9804
0.9608
0.902
0.9608
0.9804
0.9216
0.9804
0.8627
0.9804
0.9804
0.9804
1.0
0.9608
0.9804
1.0
1.0
0.9216
1.0
0.9412
0.6275
0.7843
1.0
1.0
1.0
0.9412
1.0
0.9608
0.9804
0.0
1.0
1.0
0.9804
0.6471
1.0
1.0
0.6667
1.0
1.0
0.6471
0.902
1.0
0.1373
0.9804
0.9804
0.6667
0.7059
0.3137
0.9804
0.9804
1.0
0.8627
1.0
0.6275
0.6471
1.0
0.7059
1.0
0.2157
0.5882
0.9804
0.9804
0.9608
0.8824
0.8627
0.9804
0.9804
0.0
0.2549
0.8039
0.8039
0.3725
0.1176
0.9804
0.5686
0.7059
1.0
0.1765
1.0
0.9804
0.6667
0.8431
1.0
0.0
0.2745
0.3922
0.5882
0.01961
0.8431
0.8627
0.9804
0.9216
0.0
0.0
0.9608
0.549
0.8235
0.0
0.2745
0.9608
0.9608
0.0
0.9216
0.6078
0.8039
0.9608
0.2549
0.0
0.2941
0.1373
0.1569
0.0
0.0
0.8824
0.1373
0.8824
0.1176
0.0
0.01961
0.9804
0.01961
0.1373
0.01961
0.9804
0.9804
0.07843
0.0
0.9804
0.9608
0.0
0.2353
0.7059
0.9804
0.9216
0.9608
0.9608
0.7255
0.1765
0.2353
0.1373
0.3333
0.6863
0.902
0.9804
0.9608
0.01961
0.9804
0.01961
0.8824
0.8824
0.6863
0.9804
0.4706
0.0
0.8627
0.8824
0.7843
0.9804
0.9412
0.9412
0.9412
0.0
0.7647
0.0
0.09804
0.0
0.8627
0.8235
0.902
0.9412
0.0
0.01961
0.0
0.7843
0.0
0.01961
0.09804
0.9412
0.7843
0.0
0.7059
0.8039
0.0
0.3725
0.8431
0.03922
0.07843
0.6275
0.8039
0.09804
0.8039
0.5686
0.902
0.9216
0.1765
0.9216
0.5098
0.9216
0.8431
0.3137
0.7255
0.9216
0.01961
0.1176
0.0
0.0
0.7843
0.7059
0.7647
0.8627
0.8824
0.9216
0.7255
0.8824
0.902
0.902
0.9216
0.9216
0.8824
0.8431
0.0
0.9216
0.902
0.902
0.8431
0.902
0.4118
0.8627
0.9804
0.9412
0.8431
0.05882
1.0
0.0
0.902
0.1765
0.0
0.0
0.1569
0.03922
0.0
0.0
0.01961
0.01961
0.0
0.0
0.1176
0.0
0.07843
0.9804
0.07843
0.9804
0.5882
1.0
1.0
0.9804
0.07843
0.8431
1.0
0.9608
0.9804
0.9804
0.9804
0.7255
0.9804
0.9412
0.9804
1.0
0.0
0.8627
1.0
0.9216
0.01961
0.9804
0.9804
0.9804
0.9804
0.9608
0.0
0.9608
0.8235
0.07843
0.9804
1.0
0.9804
0.9804
0.0
0.9608
0.07843
0.0
0.9804
0.9804
0.9804
0.1569
0.5098
0.3922
0.9804
0.05882
0.9804
0.0
0.0
0.01961
0.01961
0.03922
0.01961
0.0
0.0
0.1176
0.9216
0.8235
0.0
0.8235
0.9608
0.8824
0.8824
0.9608
0.8235
0.9608
0.9804
0.8039
1.0
0.9804
0.3529
0.451
0.09804
0.8039
0.8235
0.0
0.01961
0.8824
0.8627
0.9216
1.0
0.8039
0.9804
1.0
0.9608
1.0
0.05882
0.09804
0.9804
0.9216
0.9412
0.9216
0.8824
0.9804
0.8824
1.0
0.8235
0.1961
0.9608
0.9412
1.0
0.8824
1.0
0.9608
0.8431
0.8627
0.7255
0.1373
1.0
1.0
1.0
0.8431
0.9804
0.9804
0.5294
1.0
0.8627
0.9608
0.05882
0.9216
0.8431
1.0
0.9608
0.9804
0.9608
0.902
0.9608
0.9804
0.9216
0.9804
0.8627
0.9804
0.9804
0.9804
1.0
0.9608
0.9804
1.0
1.0
0.9216
1.0
0.9412
0.6275
0.7843
1.0
1.0
1.0
0.9412
1.0
0.9608
0.9804
0.0
1.0
1.0
0.9804
0.6471
1.0
1.0
0.6667
1.0
1.0
0.6471
0.902
1.0
0.1373
0.9804
0.9804
0.6667
0.7059
0.3137
0.9804
0.9804
1.0
0.8627
1.0
0.6275
0.6471
1.0
0.7059
1.0
0.2157
0.5882
0.9804
0.9804
0.9608
0.8824
0.8627
0.9804
0.9804
0.0
0.2549
0.8039
0.8039
0.3725
0.1176
0.9804
0.5686
0.7059
1.0
0.1765
1.0
0.9804
0.6667
0.8431
1.0
0.0
0.2745
0.3922
0.5882
0.01961
0.8431
0.8627
0.9804
0.9216
0.0
0.0
0.9608
0.549
0.8235
0.0
0.2745
0.9608
0.9608
0.0
0.9216
0.6078
0.8039
0.9608
0.2549
0.0
0.2941
0.1373
0.1569
0.0
0.0
0.8824
0.1373
0.8824
0.1176
0.0
0.01961
0.9804
0.01961
0.1373
0.01961
0.9804
0.9804
0.07843
0.0
0.9804
0.9608
0.0
0.2353
0.7059
0.9804
0.9216
0.9608
0.9608
0.7255
0.1765
0.2353
0.1373
0.3333
0.6863
0.902
0.9804
0.9608
0.01961
0.9804
0.01961
0.8824
0.8824
0.6863
0.9804
0.4706
0.0
0.8627
0.8824
0.7843
0.9804
0.9412
0.9412
0.9412
0.0
0.7647
0.0
0.09804
0.0
0.8627
0.8235
0.902
0.9412
0.0
0.01961
0.0
0.7843
0.0
0.01961
0.09804
0.9412
0.7843
0.0
0.7059
0.8039
0.0
0.3725
0.8431
0.03922
0.07843
