0.92
0.62
0.83
1.6e+01
0.82
0.29
0.88
0.85
9.0
0.84
0.16
0.84
0.64
0.96
0.78
0.83
1.3e+01
9.0
2.6
7.4
0.54
0.73
0.57
0.72
0.74
0.97
0.59
0.8
0.79
0.93
0.84
0.84
0.75
0.71
5.8
0.83
0.79
0.79
0.71
0.92
0.14
1.7
1.1
1.2
0.94
3.5
1.0
6.4
1.2
1e+02
4.2e+02
1.1e+03
1.5e+01
2.6
1.1e+01
1.8
1.2
1.7e+01
1.8e+01
3.8
0.48
0.58
1.5e+01
0.96
5.1
1.1
0.31
1.0
1.0
0.95
1.8
0.72
1.0
0.99
0.97
0.97
0.95
0.7
0.95
1.1
0.99
1.0
2e+01
1.3
1.5
0.92
7.6e+01
0.96
0.95
1.2
0.95
1.0
4.4
0.97
1.1
3.9
0.96
1.1
0.95
1.5
2.0
0.89
1.8e+01
8.0
0.95
2.0
2.0
3.5e+01
0.33
0.16
0.95
0.67
0.95
2.8
8.1
0.71
3.3
4.2e+02
5.5
8.8e+01
1.1e+01
0.47
1.8
0.97
2.5e+01
0.57
1.1
0.72
1.2
0.9
0.57
0.97
0.95
0.84
1.0
1.1
1.5
0.53
1.7
0.55
0.78
2e+02
3.6
0.9
0.65
0.84
1.0
0.74
1.9
1.0
0.91
1.0
1.5e+01
4.5e+01
1.4
1.5
1.6
0.97
0.83
0.97
0.74
1.1
1.4
1e+02
1.4
1.0
1.3
1.0
1.2
0.97
0.62
0.71
0.63
5.6
1.0
1.2
1.4
0.72
0.99
0.95
0.16
1.0
1.1
0.99
4.1
1.5
1.5
1.1
0.95
0.96
1.2
0.91
0.9
0.95
0.89
0.95
0.87
1.1
0.99
0.97
1.0
0.9
1.0
1.1
1.0
0.89
1.5
1.4
0.44
0.61
1.0
1.0
1.0
1.4
1.2
0.91
0.95
1.6
1.0
1.0
0.97
0.45
1.4
1.0
0.34
1.0
1.4
0.4
0.74
1.0
1.2
1.3
0.95
0.4
0.66
0.9
0.96
1.1
1.2
0.92
1.0
0.39
0.34
1.0
0.63
1.2
0.36
0.53
0.98
0.97
1.1
0.96
0.74
0.98
1.4
4.9e+02
1.1e+01
0.6
0.6
0.47
1.9e+01
1.1
0.2
0.41
1.5
4.9e+02
1.1
1.1
0.58
0.77
1.0
5.2
7.0
0.77
0.28
1.4e+01
0.72
0.97
1.2
0.89
5.7
2.5
1.1
0.26
1.8
2.8
6.5
0.91
1.7
3.2
1.0
0.48
0.7
0.9
2.8
2.2e+02
0.039
1.7
1.1
2.2e+02
1.1e+01
0.95
6.5
3.3
3.4
5.7e+02
2.6
1.8
1.1e+02
3.9
6.4
0.95
1.0
1.4e+01
6.5
1.1
0.91
2.2e+01
1.5
0.45
0.96
0.89
2.1
0.91
0.48
2.1
0.24
5e+01
0.39
0.33
0.86
1.0
0.92
1.4
1.4
1.8
1.2
1.5
0.38
0.97
0.15
4.3
0.96
0.76
1.7
1.2
1.4
0.86
1.0
4.0
0.48
2.5e+01
1.9e+01
1.5
0.99
0.63
0.93
1.1
1.8
5.7e+02
1.2
0.49
3.0
6.1e+01
8.8e+01
0.88
0.63
1e+02
0.42
0.59
5.4
0.25
0.79
2.5
3.1
